0 0.174009 0.418733 0.088037 0.049143
0 0.326007 0.418945 0.093606 0.047042
0 0.470002 0.421095 0.095042 0.046503
0 0.737938 0.430363 0.082625 0.044086
0 0.868801 0.435333 0.070204 0.045427
0 0.900806 0.722250 0.074019 0.042740
0 0.717880 0.732327 0.086444 0.041935
0 0.573164 0.737432 0.087403 0.042474
0 0.348692 0.733137 0.088356 0.040857
0 0.162882 0.724536 0.081718 0.046771
0 0.110345 0.914203 0.077894 0.029578
0 0.185116 0.920396 0.076417 0.026328
0 0.327440 0.928858 0.066861 0.026060
0 0.479556 0.930879 0.073074 0.023633
0 0.754653 0.915279 0.067343 0.029042
0 0.911308 0.899025 0.058745 0.031997
0 0.935245 0.985297 0.044981 0.016917
0 0.851421 0.995010 0.075417 0.009979
