0 0.044602 0.428661 0.089204 0.059104
0 0.263840 0.428794 0.224810 0.063651
0 0.776866 0.444298 0.103602 0.057768
0 0.927991 0.451517 0.086491 0.052956
0 0.811796 0.792617 0.091722 0.052422
0 0.505958 0.807581 0.100796 0.047089
0 0.322993 0.805849 0.101745 0.049479
0 0.085852 0.794888 0.109352 0.056432
0 0.139076 0.985220 0.077986 0.029164
0 0.016088 0.972388 0.032176 0.028630
0 0.321354 0.994154 0.081264 0.011693
0 0.533546 0.993490 0.078889 0.013021
0 0.813461 0.970785 0.072236 0.032372
0 0.936069 0.948598 0.068435 0.032909
