0 0.891852 0.467191 0.083667 0.053680
0 0.607028 0.458452 0.101407 0.057841
0 0.382896 0.446801 0.114764 0.062836
0 0.142447 0.443888 0.102884 0.054510
0 0.157824 0.786762 0.100306 0.047367
0 0.320648 0.795586 0.098241 0.043672
0 0.496097 0.799533 0.198963 0.044581
0 0.805065 0.787574 0.094528 0.045742
0 0.901037 0.778635 0.083380 0.045510
0 0.859553 0.956492 0.077190 0.032505
0 0.924153 0.945928 0.066046 0.031810
0 0.985812 0.934086 0.028375 0.029953
0 0.719620 0.972049 0.068111 0.032505
0 0.543766 0.986130 0.144875 0.023094
0 0.378042 0.989000 0.072648 0.020432
0 0.178255 0.977622 0.081731 0.026469
0 0.014826 0.957305 0.029653 0.026703
