0 0.864025 0.425990 0.115153 0.068010
0 0.638324 0.413581 0.134333 0.071964
0 0.442356 0.406208 0.132417 0.073042
0 0.304572 0.399572 0.140727 0.077685
0 0.168736 0.401533 0.129796 0.071607
0 0.051273 0.400812 0.102546 0.068010
0 0.109912 0.816747 0.123398 0.056859
0 0.262088 0.832577 0.183509 0.052555
0 0.413583 0.835095 0.120907 0.052534
0 0.615660 0.829514 0.115727 0.058659
0 0.726241 0.824497 0.111954 0.057182
0 0.878123 0.807396 0.099745 0.061177
0 0.897303 0.981733 0.078005 0.036534
0 0.960278 0.967630 0.059444 0.033438
0 0.806162 0.989124 0.071037 0.021753
