0 0.086069 0.415063 0.089519 0.048833
0 0.425919 0.420503 0.188986 0.046656
0 0.577884 0.423004 0.095046 0.050977
0 0.730676 0.427651 0.090074 0.047901
0 0.842579 0.431242 0.080676 0.049422
0 0.964162 0.436681 0.067398 0.047247
0 0.904465 0.725953 0.075449 0.041000
0 0.724162 0.736384 0.099741 0.044596
0 0.576787 0.736743 0.097824 0.053945
0 0.363234 0.742497 0.093986 0.046755
0 0.185488 0.739260 0.091431 0.047474
0 0.154799 0.931133 0.069690 0.028411
0 0.353657 0.945954 0.076704 0.023680
0 0.544523 0.945754 0.075278 0.023680
0 0.741456 0.933413 0.075273 0.027492
0 0.862039 0.918260 0.071708 0.028094
