0 0.336704 0.431270 0.095278 0.047367
0 0.484984 0.434070 0.090653 0.040760
0 0.628363 0.438667 0.078940 0.045443
0 0.801806 0.444997 0.090963 0.042839
0 0.938766 0.713552 0.068523 0.042260
0 0.775097 0.727020 0.076361 0.041331
0 0.599458 0.735842 0.086685 0.042721
0 0.441775 0.737815 0.088338 0.042026
0 0.227954 0.734565 0.086685 0.039240
0 0.101023 0.924264 0.136630 0.032273
0 0.264484 0.934712 0.071412 0.022987
0 0.404213 0.935294 0.071824 0.019505
0 0.638882 0.921953 0.074708 0.025313
0 0.813486 0.901046 0.067287 0.028560
0 0.956928 0.878988 0.059440 0.031810
0 0.965389 0.968729 0.043343 0.021828
0 0.891296 0.986724 0.045407 0.021130
0 0.843824 0.993421 0.045407 0.013159
