0 0.052178 0.439871 0.099106 0.054701
0 0.267009 0.442023 0.111889 0.053995
0 0.535546 0.446884 0.105500 0.054341
0 0.773074 0.451918 0.099741 0.057935
0 0.949222 0.459113 0.077361 0.051466
0 0.835095 0.780260 0.175190 0.055026
0 0.684201 0.789990 0.094625 0.047870
0 0.524037 0.794108 0.099102 0.051789
0 0.307928 0.792310 0.095264 0.048193
0 0.069766 0.778301 0.088245 0.049669
0 0.083789 0.963690 0.075171 0.027167
0 0.259035 0.981001 0.076366 0.023195
0 0.463775 0.986328 0.077190 0.019969
0 0.660262 0.976924 0.076366 0.024844
0 0.806799 0.959626 0.132505 0.036221
0 0.954782 0.934202 0.056139 0.034596
