0 0.100359 0.413085 0.093829 0.054805
0 0.259294 0.413698 0.097755 0.056391
0 0.015127 0.413095 0.030255 0.054383
0 0.420532 0.411882 0.117769 0.066846
0 0.610882 0.420911 0.108810 0.059620
0 0.863111 0.431453 0.092398 0.053812
0 0.948125 0.755320 0.089519 0.049734
0 0.735650 0.765423 0.097810 0.048180
0 0.635076 0.768215 0.104440 0.046326
0 0.484771 0.763402 0.100023 0.049112
0 0.228641 0.750814 0.092838 0.048799
0 0.035299 0.737292 0.070597 0.049734
0 0.181944 0.954723 0.080130 0.027664
0 0.324516 0.965914 0.076810 0.024557
0 0.545556 0.972130 0.074602 0.024557
0 0.727914 0.967622 0.082338 0.029219
0 0.817157 0.958919 0.079574 0.032948
0 0.962458 0.938405 0.075083 0.033570
