0 0.947988 0.958836 0.039468 0.018906
0 0.847933 0.980257 0.043477 0.015956
0 0.782873 0.992296 0.045940 0.015409
0 0.703782 0.900473 0.065370 0.026362
0 0.816792 0.886336 0.064444 0.026536
0 0.943674 0.866217 0.059199 0.026883
0 0.575361 0.913654 0.068759 0.026016
0 0.407484 0.923801 0.070273 0.021680
0 0.203192 0.919552 0.071847 0.025323
0 0.029521 0.907062 0.059042 0.026016
0 0.218833 0.726404 0.084056 0.040833
0 0.028463 0.717000 0.056926 0.042984
0 0.477692 0.724523 0.085968 0.039224
0 0.593273 0.721298 0.086926 0.044060
0 0.784553 0.715792 0.070208 0.041641
0 0.868132 0.709344 0.070208 0.041104
0 0.933553 0.701548 0.058727 0.039503
0 0.979329 0.448484 0.041343 0.041104
0 0.795775 0.441499 0.073551 0.042716
0 0.577750 0.432768 0.089315 0.043521
0 0.450947 0.428469 0.097431 0.042984
