0 0.158896 0.431465 0.082968 0.046904
0 0.427204 0.434122 0.092880 0.046693
0 0.614403 0.438779 0.046231 0.044349
0 0.697576 0.441322 0.087921 0.042513
0 0.955153 0.450156 0.068111 0.044349
0 0.946486 0.712995 0.063981 0.042490
0 0.615227 0.729945 0.081731 0.042490
0 0.377669 0.732604 0.087097 0.041818
0 0.288303 0.730874 0.083384 0.039242
0 0.176025 0.726451 0.082560 0.041583
0 0.062711 0.903490 0.068097 0.029740
0 0.195222 0.914768 0.068935 0.023917
0 0.329787 0.922895 0.063981 0.022060
0 0.503155 0.923823 0.080495 0.019271
0 0.658361 0.915233 0.068935 0.025773
0 0.843894 0.895260 0.059454 0.029010
0 0.952882 0.877849 0.053662 0.029953
0 0.823259 0.994128 0.041259 0.011745
